[zadanie1.jpg]
filters=retouch=1;
moddate=947143bf250fd601
width=1701
height=2350
textactive=0
[zada.jpg]
filters=tilt=1,0.067151,0.000000;crop64=1,1efd0000ffffffff;
crop=rect64(1efd0000ffffffff)
moddate=696c12ed4d1ad601
width=2528
height=3506
textactive=0
